100
706 179 1211
57146370 709864776 511386214 286941533 379571141 985797177 598307586 578630518 528498404 926987528 650377554 903575440 987748285 112540146
329586396 92326436 977486239 258858825 750567772 51021053 121424207 264182258 692129601 672210875 18666885 484095976 660232747 70616658 180529008 630805687 183060851 763704200 420112174 480032257
654699171 144702330 958127701 207462909 687264249 39653399 845884013 412546035 907050729 236122532 846028660 670163649 454584472 868660534 363076696 31156565...
Output
897647456
109295394
452038016
3921625946
30536546984
26209349702
661080824
299998917594
644950106
149942190842
85255394
384053442
94792946
4334031464
4242584486
434728214
339767126
663587018
63764568
5789555018
1622645402
1652052582
159114878
29464098
508613750
663528606
32800098744
146800622
3153343848
1792938336
290447558
422228954
768472328
9054494138
832604618
2309621294
51941094
116067858
233134046
6275047478
8397086
973435022
432487082
428197994
14539933856...
Answer
897647456
109295394
452038016
3921625946
30536546984
26209349702
661080824
299998917594
644950106
149942190842
85255394
384053442
94792946
4334031464
4242584486
434728214
339767126
663587018
63764568
5789555018
1622645402
1652052582
159114878
29464098
508613750
663528606
32800098744
146800622
3153343848
1792938336
290447558
422228954
768472328
9054494138
832604618
2309621294
51941094
116067858
233134046
6275047478
8397086
973435022
432487082
428197994
14539933856...
Checker Log
wrong answer 90th numbers differ - expected: '12453357938', found: '19362633714'
close
